!
!  Energy data file for use as ENGFILE
!
!  TELESCOP = SAX
!  INSTRUME = LECS
!
$echo BINNING = 8               /  Spectrum binning factor
$echo ESTEP   = 0.01058         /  Energy step between bins (eV)
$echo EOFFSET = 0.              /  Energy value of first bin (eV)
$echo BEGCHAN = 11              /  First channel to bin
$echo ENDCHAN = 900             /  Last channel to bin
!
! Weird code
! if( emin.LT.95 ) begchan = 11.
! if( emax.GT.945 ) endchan = 900.
!
!  Total channels: 988
!
           2
           1
           1
           6
           7
           4
           9
           9
          17
          20
          36
          54
          82
         145
         174
         241
         293
         372
         456
         568
         514
         539
         563
         500
         488
         429
         292
         221
         153
         118
          99
          60
          47
          62
          45
          46
          50
          67
          59
          66
          86
         114
         116
         110
         101
         131
         133
         125
         115
         143
         134
         146
         158
         154
         165
         188
         175
         213
         215
         196
         224
         208
         224
         258
         232
         250
         233
         258
         298
         277
         272
         255
         280
         266
         260
         284
         281
         316
         269
         293
         332
         297
         299
         293
         303
         291
         325
         293
         346
         304
         299
         285
         291
         300
         276
         256
         281
         299
         287
         259
         302
         276
         294
         275
         300
         252
         261
         262
         256
         250
         263
         255
         264
         261
         242
         236
         252
         253
         229
         246
         235
         258
         220
         231
         191
         215
         229
         214
         246
         217
         194
         199
         211
         195
         205
         216
         188
         178
         169
         209
         178
         201
         183
         158
         177
         166
         190
         157
         197
         175
         167
         177
         172
         128
         134
         144
         142
         119
         146
         148
         143
         144
         155
         127
         130
         124
         124
         122
         138
         128
         117
         122
         134
         135
         130
         133
         116
         132
         106
         117
         114
         104
         124
         106
         102
         109
         110
          99
         107
          92
          94
          81
          89
         109
         105
          83
          82
          92
          93
          77
          90
          91
          80
          84
          83
          96
          76
          87
          69
          57
          51
          65
          60
          87
          62
          67
          49
          54
          37
          61
          43
          50
          66
          59
          49
          62
          53
          71
          47
          38
          37
          50
          59
          45
          41
          42
          41
          48
          58
          44
          40
          38
          33
          55
          43
          46
          41
          47
          47
          35
          39
          38
          33
          47
          40
          33
          40
          32
          31
          42
          38
          39
          40
          28
          32
          32
          46
          43
          26
          34
          31
          23
          25
          40
          42
          30
          31
          40
          36
          30
          30
          28
          33
          40
          24
          26
          25
          22
          36
          29
          31
          31
          32
          32
          24
          37
          38
          17
          32
          27
          25
          31
          25
          21
          19
          32
          30
          33
          26
          26
          31
          22
          27
          22
          26
          19
          30
          24
          26
          21
          21
          17
          22
          17
          22
          13
          17
          23
          27
          23
          20
          20
          20
          19
          18
          28
          16
          26
          21
          31
          26
          24
          16
          19
          14
          23
          10
          25
          19
          16
          20
          23
          14
          17
          19
          19
          21
          26
          29
          21
          12
          20
          19
          21
          19
          20
          14
          21
          26
          21
           8
          23
          12
          18
          16
          22
          15
          15
           9
          19
          22
          16
          20
          14
          16
          22
          19
          13
          15
          12
          13
          12
          13
          12
          11
          16
          13
          16
          11
          22
          20
          10
          24
          10
          10
           5
          11
          16
          16
          13
          11
           8
          15
          11
          11
          13
           9
           8
          16
          14
          12
          13
           8
          11
          10
           6
          16
          17
           4
          14
          12
          18
           6
           8
           9
          13
           8
          10
          14
           8
          10
           9
           6
           7
          15
           9
          12
          10
           7
           8
          12
           9
           6
          12
          15
           8
          11
          12
          15
          13
          12
          11
           9
          16
           5
          10
           5
          16
           5
           9
          10
          10
          10
          10
          10
          14
           9
          10
           6
           8
          10
          13
          12
           6
          10
           9
           6
          15
          11
          15
          16
           4
           4
           7
          10
           3
           9
           7
          10
          10
           8
           4
           6
           7
          10
          11
           5
           8
           4
          13
           9
           8
          15
           4
           6
          10
           6
           9
          11
          12
           9
           6
          11
          11
           7
           7
           4
           6
           6
           7
           4
           7
           6
          10
          14
          10
          13
           6
           5
           1
           9
           6
           8
           5
          11
           5
           6
           9
           6
           8
           5
           9
           4
           7
           3
           6
           3
           9
           3
           7
           5
           5
           5
          11
          10
           3
           7
           4
           6
          14
           3
           5
           4
           5
           7
           5
           3
           6
           5
           2
           5
           8
           7
           6
           8
           9
           6
           4
           4
           4
           5
           6
           4
           2
           2
           2
           7
           1
          10
           9
           0
           6
           5
           6
           6
           9
           6
           1
           8
           6
           2
           8
           0
           5
           6
           4
           7
           2
           4
           4
           5
           3
           4
           2
           8
           7
           6
           7
           7
           2
           2
           5
           4
           5
           4
           7
           4
           4
           2
           6
           2
           5
           3
           4
           5
           4
           3
           7
           3
           4
           5
           2
           3
           8
           2
           4
           3
           1
           3
           4
           4
           1
           2
           3
           1
           3
           1
           2
           4
           6
           3
           2
           2
           4
           3
           5
           2
           1
           4
           4
           2
           2
           3
           3
           2
           4
           4
           2
           2
           3
           3
           5
           5
           3
           2
           2
           3
           4
           3
           1
           1
           3
           5
           2
           5
           4
           3
           1
           1
           3
           4
           4
           3
           3
           2
           3
           2
           4
           1
           1
           3
           5
           4
           2
           3
           1
           2
           3
           4
           4
           1
           2
           3
           7
           1
           3
           4
           2
           2
           1
           2
           1
           2
           4
           2
           3
           2
           5
           4
           4
           1
           3
           4
           2
           1
           0
           2
           0
           0
           3
           1
           2
           2
           3
           3
           1
           2
           4
           0
           4
           2
           1
           1
           2
           4
           1
           3
           1
           3
           4
           1
           5
           2
           2
           1
           1
           3
           5
           3
           3
           0
           2
           0
           2
           3
           4
           0
           3
           2
           2
           1
           3
           1
           0
           1
           3
           2
           3
           2
           2
           3
           1
           0
           1
           6
           2
           2
           4
           2
           1
           3
           2
           1
           0
           2
           0
           0
           2
           1
           1
           1
           2
           1
           0
           1
           0
           1
           1
           2
           3
           4
           1
           1
           2
           1
           0
           2
           1
           1
           2
           1
           3
           4
           0
           0
           1
           2
           2
           1
           1
           4
           0
           2
           5
           2
           1
           1
           0
           0
           2
           2
           1
           4
           0
           3
           2
           0
           0
           2
           0
           0
           0
           2
           1
           2
           2
           3
           2
           0
           3
           2
           3
           1
           0
           1
           4
           1
           1
           1
           2
           0
           2
           1
           3
           0
           0
           2
           0
           0
           5
           0
           2
           2
           3
           0
           1
           0
           2
           0
           1
           0
           1
           1
           0
           2
           1
           3
           2
           0
           1
           1
           1
           1
           2
           0
           0
           0
           2
           2
           1
           1
           0
           2
           1
           2
           0
           0
           0
           1
           0
           2
           1
           4
           0
           1
           1
           0
           1
           1
           0
           0
           0
           0
           1
           1
           2
           1
           2
           3
           0
           0
           2
           3
           2
           4
           0
           1
           1
           0
           1
           2
           2
           4
           1
           1
           3
           1
           1
