#
# XIS configurations by MET
#
# To comment this file start the first field with '#', it would be best if
# there were no spaces before the '#'
#
# Note that this file is the same as the one called aexisconf.list distributed
# with heasoft.
#
# Each group of four columns, excluding columns 1-3,
# corresponds to the value (see below) for each of the A, B, C, and D
# chip segments respectively.
#
# columns are as follows:
#  1     : letter code for this mode
#  2     : MET start time of validity of this letter code
#  3     : MET stop time of validity of this letter code
#
#  4-7   : ADHST        - Area Discriminator Horizontal STart positions
#  8-12  : ADHEND       - Area Discriminator Horizontal END positions
#  13-16 : ADVST        - Area Discriminator Vertical STart positions
#  17-20 : ADVEND       - Area Discriminator Vertical END positions
#  21-24 : DSCINOUT     - area DiSCriminator IN/OUT flags
#  25-28 : GDSC         - Grade DiSCriminator flags
#  29-31 : EVTLOW       - EVenT LOWer threshold
#  32-35 : EVTUP        - EVenT UPper threshold
#  36-39 : AREADISC     - AREA DISCriminator enabled/disabled flags
#  40-43 : GRADEDIS     - GRADE DIScriminator enabled/disabled flags
#
# The integer truncated MET TSTART from the .hk file is compared to columns 2 and 3
# and if ( MET TSTART >= column 2 && MET TSTART < column 3 ) the row is considered a
# valid XIS configuration for that observation.
#
#
# Initial list of XIS configurations
#
a 000000000 291809073 0 0 0 0 255 255 255 255 0 0 0 0 1023 1023 1023 1023 0 0 0 0 1 1 1 1 100 100 100 100 3583 3583 3583 3583 0 0 0 0 0 0 0 0
b 000000000 291809073 0 0 0 0 255 255 255 255 0 0 0 0 1023 1023 1023 1023 0 0 0 0 1 1 1 1 20 20 20 20 3583 3583 3583 3583 0 0 0 0 0 0 0 0
c 000000000 291809073 0 0 0 0 255 255 255 255 0 0 0 0 1023 1023 1023 1023 0 0 0 0 1 1 1 1 50 50 50 50 3583 3583 3583 3583 0 0 0 0 0 0 0 0
d 000000000 291809073 0 0 0 0 255 255 255 255 0 0 0 0 1023 1023 1023 1023 0 0 0 0 1 1 1 1 60 60 60 60 3583 3583 3583 3583 0 0 0 0 0 0 0 0
e 000000000 291809073 0 0 0 0 255 255 255 255 0 0 0 0 511 511 511 511 0 0 0 0 1 1 1 1 100 100 100 100 3583 3583 3583 3583 0 0 0 0 0 0 0 0
f 000000000 291809073 0 0 0 0 255 255 255 255 0 0 0 0 511 511 511 511 0 0 0 0 1 1 1 1 100 100 100 100 3583 3583 3583 3583 1 1 1 1 0 0 0 0
g 000000000 291809073 0 0 0 0 255 255 255 255 0 256 256 0 1023 767 767 1023 1 0 0 1 1 1 1 1 50 50 50 50 3583 3583 3583 3583 1 1 1 1 0 0 0 0
h 000000000 291809073 0 0 0 0 255 255 255 255 0 256 256 0 1023 767 767 1023 1 0 0 1 1 1 1 1 50 50 50 50 3583 3583 3583 3583 0 0 0 0 0 0 0 0
i 000000000 291809073 0 0 0 0 255 255 255 255 0 0 0 0 383 383 383 383 0 0 0 0 1 1 1 1 20 20 20 20 3583 3583 3583 3583 0 0 0 0 0 0 0 0
j 000000000 291809073 0 0 0 0 255 255 255 255 0 0 0 0 383 383 383 383 0 0 0 0 1 1 1 1 20 20 20 20 3583 3583 3583 3583 1 1 1 1 0 0 0 0
k 000000000 291809073 0 0 0 0 255 255 255 255 0 0 0 0 895 895 895 895 0 0 0 0 1 1 1 1 20 20 20 20 3583 3583 3583 3583 1 1 1 1 0 0 0 0
l 000000000 291809073 0 0 0 0 255 255 255 255 0 0 0 0 895 895 895 895 0 0 0 0 1 1 1 1 20 20 20 20 3583 3583 3583 3583 0 0 0 0 0 0 0 0 
m 000000000 291809073 0 0 0 0 255 255 255 255 0 0 0 0 127 127 127 127 0 0 0 0 1 1 1 1 100 100 100 100 3583 3583 3583 3583 0 0 0 0 0 0 0 0
n 000000000 291809073 0 0 0 0 255 255 255 255 0 0 0 0 127 127 127 127 0 0 0 0 1 1 1 1 100 100 100 100 3583 3583 3583 3583 1 1 1 1 0 0 0 0
o 000000000 291809073 0 0 0 0 255 255 255 255 0 0 0 0 383 383 383 383 0 0 0 0 1 1 1 1 100 100 100 100 3583 3583 3583 3583 0 0 0 0 0 0 0 0
p 000000000 291809073 0 0 0 0 255 255 255 255 0 0 0 0 383 383 383 383 0 0 0 0 1 1 1 1 100 100 100 100 3583 3583 3583 3583 1 1 1 1 0 0 0 0
q 000000000 291809073 0 0 0 0 255 255 255 255 0 0 0 0 1023 1023 1023 1023 0 0 0 0 1 1 1 1 128 128 128 128 256 256 256 256 0 0 0 0 0 0 0 0
r 000000000 291809073 0 0 0 0 255 255 255 255 0 0 0 0 767 767 767 767 0 0 0 0 1 1 1 1 20 20 20 20 3583 3583 3583 3583 1 1 1 1 0 0 0 0
s 000000000 291809073 0 0 0 0 255 255 255 255 0 0 0 0 767 767 767 767 0 0 0 0 1 1 1 1 20 20 20 20 3583 3583 3583 3583 0 0 0 0 0 0 0 0
t 000000000 291809073 0 0 0 0 255 255 255 255 0 256 256 0 1023 767 767 1023 1 0 0 1 1 1 1 1 100 100 100 100 3583 3583 3583 3583 1 1 1 1 0 0 0 0
u 000000000 291809073 0 0 0 0 255 255 255 255 0 256 256 0 1023 767 767 1023 1 0 0 1 1 1 1 1 100 100 100 100 3583 3583 3583 3583 0 0 0 0 0 0 0 0
v 000000000 291809073 0 0 0 0 255 255 255 255 0 0 0 0 1023 1023 1023 1023 0 0 0 0 1 1 1 1 50 50 50 50 3583 3583 3583 3583 1 1 1 1 0 0 0 0
w 000000000 291809073 0 0 0 0 255 255 255 255 0 0 0 0 767 767 767 767 0 0 0 0 1 1 1 1 100 100 100 100 3583 3583 3583 3583 0 0 0 0 0 0 0 0
x 000000000 291809073 0 0 0 0 255 255 255 255 0 0 0 0 767 767 767 767 0 0 0 0 1 1 1 1 100 100 100 100 3583 3583 3583 3583 1 1 1 1 0 0 0 0
# 
# 2009-03-31: New list required after sequence 104001010.
#             New code 'y' was added, and code 'g' was recycled.
# 
a 291809073 299250321 0 0 0 0 255 255 255 255 0 0 0 0 1023 1023 1023 1023 0 0 0 0 1 1 1 1 100 100 100 100 3583 3583 3583 3583 0 0 0 0 0 0 0 0
b 291809073 299250321 0 0 0 0 255 255 255 255 0 0 0 0 1023 1023 1023 1023 0 0 0 0 1 1 1 1 20 20 20 20 3583 3583 3583 3583 0 0 0 0 0 0 0 0
c 291809073 299250321 0 0 0 0 255 255 255 255 0 0 0 0 1023 1023 1023 1023 0 0 0 0 1 1 1 1 50 50 50 50 3583 3583 3583 3583 0 0 0 0 0 0 0 0
d 291809073 299250321 0 0 0 0 255 255 255 255 0 0 0 0 1023 1023 1023 1023 0 0 0 0 1 1 1 1 60 60 60 60 3583 3583 3583 3583 0 0 0 0 0 0 0 0
e 291809073 299250321 0 0 0 0 255 255 255 255 0 0 0 0 511 511 511 511 0 0 0 0 1 1 1 1 100 100 100 100 3583 3583 3583 3583 0 0 0 0 0 0 0 0
f 291809073 299250321 0 0 0 0 255 255 255 255 0 0 0 0 511 511 511 511 0 0 0 0 1 1 1 1 100 100 100 100 3583 3583 3583 3583 1 1 1 1 0 0 0 0
g 291809073 299250321 0 0 0 0 255 255 255 255 0 0 0 0 203 203 203 203 0 0 0 0 1 1 1 1 100 100 100 100 3583 3583 3583 3583 0 0 0 0 0 0 0 0
h 291809073 299250321 0 0 0 0 255 255 255 255 0 256 256 0 1023 767 767 1023 1 0 0 1 1 1 1 1 50 50 50 50 3583 3583 3583 3583 0 0 0 0 0 0 0 0
i 291809073 299250321 0 0 0 0 255 255 255 255 0 0 0 0 383 383 383 383 0 0 0 0 1 1 1 1 20 20 20 20 3583 3583 3583 3583 0 0 0 0 0 0 0 0
j 291809073 299250321 0 0 0 0 255 255 255 255 0 0 0 0 383 383 383 383 0 0 0 0 1 1 1 1 20 20 20 20 3583 3583 3583 3583 1 1 1 1 0 0 0 0
k 291809073 299250321 0 0 0 0 255 255 255 255 0 0 0 0 895 895 895 895 0 0 0 0 1 1 1 1 20 20 20 20 3583 3583 3583 3583 1 1 1 1 0 0 0 0
l 291809073 299250321 0 0 0 0 255 255 255 255 0 0 0 0 895 895 895 895 0 0 0 0 1 1 1 1 20 20 20 20 3583 3583 3583 3583 0 0 0 0 0 0 0 0 
m 291809073 299250321 0 0 0 0 255 255 255 255 0 0 0 0 127 127 127 127 0 0 0 0 1 1 1 1 100 100 100 100 3583 3583 3583 3583 0 0 0 0 0 0 0 0
n 291809073 299250321 0 0 0 0 255 255 255 255 0 0 0 0 127 127 127 127 0 0 0 0 1 1 1 1 100 100 100 100 3583 3583 3583 3583 1 1 1 1 0 0 0 0
o 291809073 299250321 0 0 0 0 255 255 255 255 0 0 0 0 383 383 383 383 0 0 0 0 1 1 1 1 100 100 100 100 3583 3583 3583 3583 0 0 0 0 0 0 0 0
p 291809073 299250321 0 0 0 0 255 255 255 255 0 0 0 0 383 383 383 383 0 0 0 0 1 1 1 1 100 100 100 100 3583 3583 3583 3583 1 1 1 1 0 0 0 0
q 291809073 299250321 0 0 0 0 255 255 255 255 0 0 0 0 1023 1023 1023 1023 0 0 0 0 1 1 1 1 128 128 128 128 256 256 256 256 0 0 0 0 0 0 0 0
r 291809073 299250321 0 0 0 0 255 255 255 255 0 0 0 0 767 767 767 767 0 0 0 0 1 1 1 1 20 20 20 20 3583 3583 3583 3583 1 1 1 1 0 0 0 0
s 291809073 299250321 0 0 0 0 255 255 255 255 0 0 0 0 767 767 767 767 0 0 0 0 1 1 1 1 20 20 20 20 3583 3583 3583 3583 0 0 0 0 0 0 0 0
t 291809073 299250321 0 0 0 0 255 255 255 255 0 256 256 0 1023 767 767 1023 1 0 0 1 1 1 1 1 100 100 100 100 3583 3583 3583 3583 1 1 1 1 0 0 0 0
u 291809073 299250321 0 0 0 0 255 255 255 255 0 256 256 0 1023 767 767 1023 1 0 0 1 1 1 1 1 100 100 100 100 3583 3583 3583 3583 0 0 0 0 0 0 0 0
v 291809073 299250321 0 0 0 0 255 255 255 255 0 0 0 0 1023 1023 1023 1023 0 0 0 0 1 1 1 1 50 50 50 50 3583 3583 3583 3583 1 1 1 1 0 0 0 0
w 291809073 299250321 0 0 0 0 255 255 255 255 0 0 0 0 767 767 767 767 0 0 0 0 1 1 1 1 100 100 100 100 3583 3583 3583 3583 0 0 0 0 0 0 0 0
x 291809073 299250321 0 0 0 0 255 255 255 255 0 0 0 0 767 767 767 767 0 0 0 0 1 1 1 1 100 100 100 100 3583 3583 3583 3583 1 1 1 1 0 0 0 0
y 291809073 299250321 0 0 0 0 255 255 255 255 0 0 0 0 203 203 203 203 0 0 0 0 1 1 1 1 100 100 100 100 3583 3583 3583 3583 1 1 1 1 0 0 0 0
# 
# 2009-07-08: New list required after sequences 704006010, 804085010, and 104006010.
#             Codes 'h', 'l', 'm' and 'q' were recycled.
#
a 299250321 312381040 0 0 0 0 255 255 255 255 0 0 0 0 1023 1023 1023 1023 0 0 0 0 1 1 1 1 100 100 100 100 3583 3583 3583 3583 0 0 0 0 0 0 0 0
b 299250321 312381040 0 0 0 0 255 255 255 255 0 0 0 0 1023 1023 1023 1023 0 0 0 0 1 1 1 1 20 20 20 20 3583 3583 3583 3583 0 0 0 0 0 0 0 0
c 299250321 312381040 0 0 0 0 255 255 255 255 0 0 0 0 1023 1023 1023 1023 0 0 0 0 1 1 1 1 50 50 50 50 3583 3583 3583 3583 0 0 0 0 0 0 0 0
d 299250321 312381040 0 0 0 0 255 255 255 255 0 0 0 0 1023 1023 1023 1023 0 0 0 0 1 1 1 1 60 60 60 60 3583 3583 3583 3583 0 0 0 0 0 0 0 0
e 299250321 312381040 0 0 0 0 255 255 255 255 0 0 0 0 511 511 511 511 0 0 0 0 1 1 1 1 100 100 100 100 3583 3583 3583 3583 0 0 0 0 0 0 0 0
f 299250321 312381040 0 0 0 0 255 255 255 255 0 0 0 0 511 511 511 511 0 0 0 0 1 1 1 1 100 100 100 100 3583 3583 3583 3583 1 1 1 1 0 0 0 0
g 299250321 312381040 0 0 0 0 255 255 255 255 0 0 0 0 203 203 203 203 0 0 0 0 1 1 1 1 100 100 100 100 3583 3583 3583 3583 0 0 0 0 0 0 0 0
h 299250321 312381040 70 0 0 0 150 255 255 255 0 0 0 0 1023 1023 1023 1023 1 0 0 0 1 1 1 1 100 100 100 100 3583 3583 3583 3583 0 0 0 0 0 0 0 0
i 299250321 312381040 0 0 0 0 255 255 255 255 0 0 0 0 383 383 383 383 0 0 0 0 1 1 1 1 20 20 20 20 3583 3583 3583 3583 0 0 0 0 0 0 0 0
j 299250321 312381040 0 0 0 0 255 255 255 255 0 0 0 0 383 383 383 383 0 0 0 0 1 1 1 1 20 20 20 20 3583 3583 3583 3583 1 1 1 1 0 0 0 0
k 299250321 312381040 0 0 0 0 255 255 255 255 0 0 0 0 895 895 895 895 0 0 0 0 1 1 1 1 20 20 20 20 3583 3583 3583 3583 1 1 1 1 0 0 0 0
l 299250321 312381040 70 0 0 0 150 255 255 255 0 0 0 0 1023 1023 1023 1023 1 0 0 0 1 1 1 1 100 100 100 100 3583 3583 3583 3583 1 0 0 0 0 0 0 0 
m 299250321 312381040 70 0 0 0 150 255 255 255 0 0 0 0 1023 1023 1023 1023 1 0 0 0 1 1 1 1 50 50 50 50 3583 3583 3583 3583 0 0 0 0 0 0 0 0
n 299250321 312381040 0 0 0 0 255 255 255 255 0 0 0 0 127 127 127 127 0 0 0 0 1 1 1 1 100 100 100 100 3583 3583 3583 3583 1 1 1 1 0 0 0 0
o 299250321 312381040 0 0 0 0 255 255 255 255 0 0 0 0 383 383 383 383 0 0 0 0 1 1 1 1 100 100 100 100 3583 3583 3583 3583 0 0 0 0 0 0 0 0
p 299250321 312381040 0 0 0 0 255 255 255 255 0 0 0 0 383 383 383 383 0 0 0 0 1 1 1 1 100 100 100 100 3583 3583 3583 3583 1 1 1 1 0 0 0 0
q 299250321 312381040 70 0 0 0 150 255 255 255 0 0 0 0 1023 1023 1023 1023 1 0 0 0 1 1 1 1 50 50 50 50 3583 3583 3583 3583 1 0 0 0 0 0 0 0
r 299250321 312381040 0 0 0 0 255 255 255 255 0 0 0 0 767 767 767 767 0 0 0 0 1 1 1 1 20 20 20 20 3583 3583 3583 3583 1 1 1 1 0 0 0 0
s 299250321 312381040 0 0 0 0 255 255 255 255 0 0 0 0 767 767 767 767 0 0 0 0 1 1 1 1 20 20 20 20 3583 3583 3583 3583 0 0 0 0 0 0 0 0
t 299250321 312381040 0 0 0 0 255 255 255 255 0 256 256 0 1023 767 767 1023 1 0 0 1 1 1 1 1 100 100 100 100 3583 3583 3583 3583 1 1 1 1 0 0 0 0
u 299250321 312381040 0 0 0 0 255 255 255 255 0 256 256 0 1023 767 767 1023 1 0 0 1 1 1 1 1 100 100 100 100 3583 3583 3583 3583 0 0 0 0 0 0 0 0
v 299250321 312381040 0 0 0 0 255 255 255 255 0 0 0 0 1023 1023 1023 1023 0 0 0 0 1 1 1 1 50 50 50 50 3583 3583 3583 3583 1 1 1 1 0 0 0 0
w 299250321 312381040 0 0 0 0 255 255 255 255 0 0 0 0 767 767 767 767 0 0 0 0 1 1 1 1 100 100 100 100 3583 3583 3583 3583 0 0 0 0 0 0 0 0
x 299250321 312381040 0 0 0 0 255 255 255 255 0 0 0 0 767 767 767 767 0 0 0 0 1 1 1 1 100 100 100 100 3583 3583 3583 3583 1 1 1 1 0 0 0 0
y 299250321 312381040 0 0 0 0 255 255 255 255 0 0 0 0 203 203 203 203 0 0 0 0 1 1 1 1 100 100 100 100 3583 3583 3583 3583 1 1 1 1 0 0 0 0
#
# 2009-12-16: New list required after sequence 104002020.
#             Code 't' was recycled.
#
a 312381040 329400174 0 0 0 0 255 255 255 255 0 0 0 0 1023 1023 1023 1023 0 0 0 0 1 1 1 1 100 100 100 100 3583 3583 3583 3583 0 0 0 0 0 0 0 0
b 312381040 329400174 0 0 0 0 255 255 255 255 0 0 0 0 1023 1023 1023 1023 0 0 0 0 1 1 1 1 20 20 20 20 3583 3583 3583 3583 0 0 0 0 0 0 0 0
c 312381040 329400174 0 0 0 0 255 255 255 255 0 0 0 0 1023 1023 1023 1023 0 0 0 0 1 1 1 1 50 50 50 50 3583 3583 3583 3583 0 0 0 0 0 0 0 0
d 312381040 329400174 0 0 0 0 255 255 255 255 0 0 0 0 1023 1023 1023 1023 0 0 0 0 1 1 1 1 60 60 60 60 3583 3583 3583 3583 0 0 0 0 0 0 0 0
e 312381040 329400174 0 0 0 0 255 255 255 255 0 0 0 0 511 511 511 511 0 0 0 0 1 1 1 1 100 100 100 100 3583 3583 3583 3583 0 0 0 0 0 0 0 0
f 312381040 329400174 0 0 0 0 255 255 255 255 0 0 0 0 511 511 511 511 0 0 0 0 1 1 1 1 100 100 100 100 3583 3583 3583 3583 1 1 1 1 0 0 0 0
g 312381040 329400174 0 0 0 0 255 255 255 255 0 0 0 0 203 203 203 203 0 0 0 0 1 1 1 1 100 100 100 100 3583 3583 3583 3583 0 0 0 0 0 0 0 0
h 312381040 329400174 70 0 0 0 150 255 255 255 0 0 0 0 1023 1023 1023 1023 1 0 0 0 1 1 1 1 100 100 100 100 3583 3583 3583 3583 0 0 0 0 0 0 0 0
i 312381040 329400174 0 0 0 0 255 255 255 255 0 0 0 0 383 383 383 383 0 0 0 0 1 1 1 1 20 20 20 20 3583 3583 3583 3583 0 0 0 0 0 0 0 0
j 312381040 329400174 0 0 0 0 255 255 255 255 0 0 0 0 383 383 383 383 0 0 0 0 1 1 1 1 20 20 20 20 3583 3583 3583 3583 1 1 1 1 0 0 0 0
k 312381040 329400174 0 0 0 0 255 255 255 255 0 0 0 0 895 895 895 895 0 0 0 0 1 1 1 1 20 20 20 20 3583 3583 3583 3583 1 1 1 1 0 0 0 0
l 312381040 329400174 70 0 0 0 150 255 255 255 0 0 0 0 1023 1023 1023 1023 1 0 0 0 1 1 1 1 100 100 100 100 3583 3583 3583 3583 1 0 0 0 0 0 0 0 
m 312381040 329400174 70 0 0 0 150 255 255 255 0 0 0 0 1023 1023 1023 1023 1 0 0 0 1 1 1 1 50 50 50 50 3583 3583 3583 3583 0 0 0 0 0 0 0 0
n 312381040 329400174 0 0 0 0 255 255 255 255 0 0 0 0 127 127 127 127 0 0 0 0 1 1 1 1 100 100 100 100 3583 3583 3583 3583 1 1 1 1 0 0 0 0
o 312381040 329400174 0 0 0 0 255 255 255 255 0 0 0 0 383 383 383 383 0 0 0 0 1 1 1 1 100 100 100 100 3583 3583 3583 3583 0 0 0 0 0 0 0 0
p 312381040 329400174 0 0 0 0 255 255 255 255 0 0 0 0 383 383 383 383 0 0 0 0 1 1 1 1 100 100 100 100 3583 3583 3583 3583 1 1 1 1 0 0 0 0
q 312381040 329400174 70 0 0 0 150 255 255 255 0 0 0 0 1023 1023 1023 1023 1 0 0 0 1 1 1 1 50 50 50 50 3583 3583 3583 3583 1 0 0 0 0 0 0 0
r 312381040 329400174 0 0 0 0 255 255 255 255 0 0 0 0 767 767 767 767 0 0 0 0 1 1 1 1 20 20 20 20 3583 3583 3583 3583 1 1 1 1 0 0 0 0
s 312381040 329400174 0 0 0 0 255 255 255 255 0 0 0 0 767 767 767 767 0 0 0 0 1 1 1 1 20 20 20 20 3583 3583 3583 3583 0 0 0 0 0 0 0 0
t 312381040 329400174 0 0 0 0 255 255 255 255 0 0 0 0 1023 1023 1023 1023 0 0 0 0 1 1 1 1 128 128 128 128 256 256 256 256 0 0 0 0 0 0 0 0
u 312381040 329400174 0 0 0 0 255 255 255 255 0 256 256 0 1023 767 767 1023 1 0 0 1 1 1 1 1 100 100 100 100 3583 3583 3583 3583 0 0 0 0 0 0 0 0
v 312381040 329400174 0 0 0 0 255 255 255 255 0 0 0 0 1023 1023 1023 1023 0 0 0 0 1 1 1 1 50 50 50 50 3583 3583 3583 3583 1 1 1 1 0 0 0 0
w 312381040 329400174 0 0 0 0 255 255 255 255 0 0 0 0 767 767 767 767 0 0 0 0 1 1 1 1 100 100 100 100 3583 3583 3583 3583 0 0 0 0 0 0 0 0
x 312381040 329400174 0 0 0 0 255 255 255 255 0 0 0 0 767 767 767 767 0 0 0 0 1 1 1 1 100 100 100 100 3583 3583 3583 3583 1 1 1 1 0 0 0 0
y 312381040 329400174 0 0 0 0 255 255 255 255 0 0 0 0 203 203 203 203 0 0 0 0 1 1 1 1 100 100 100 100 3583 3583 3583 3583 1 1 1 1 0 0 0 0
#
# 2010-06-23: New list required after sequence 105007010.
#             Code 'u' was recycled.
#
a 329400174 344808396 0 0 0 0 255 255 255 255 0 0 0 0 1023 1023 1023 1023 0 0 0 0 1 1 1 1 100 100 100 100 3583 3583 3583 3583 0 0 0 0 0 0 0 0
b 329400174 344808396 0 0 0 0 255 255 255 255 0 0 0 0 1023 1023 1023 1023 0 0 0 0 1 1 1 1 20 20 20 20 3583 3583 3583 3583 0 0 0 0 0 0 0 0
c 329400174 344808396 0 0 0 0 255 255 255 255 0 0 0 0 1023 1023 1023 1023 0 0 0 0 1 1 1 1 50 50 50 50 3583 3583 3583 3583 0 0 0 0 0 0 0 0
d 329400174 344808396 0 0 0 0 255 255 255 255 0 0 0 0 1023 1023 1023 1023 0 0 0 0 1 1 1 1 60 60 60 60 3583 3583 3583 3583 0 0 0 0 0 0 0 0
e 329400174 344808396 0 0 0 0 255 255 255 255 0 0 0 0 511 511 511 511 0 0 0 0 1 1 1 1 100 100 100 100 3583 3583 3583 3583 0 0 0 0 0 0 0 0
f 329400174 344808396 0 0 0 0 255 255 255 255 0 0 0 0 511 511 511 511 0 0 0 0 1 1 1 1 100 100 100 100 3583 3583 3583 3583 1 1 1 1 0 0 0 0
g 329400174 344808396 0 0 0 0 255 255 255 255 0 0 0 0 203 203 203 203 0 0 0 0 1 1 1 1 100 100 100 100 3583 3583 3583 3583 0 0 0 0 0 0 0 0
h 329400174 344808396 70 0 0 0 150 255 255 255 0 0 0 0 1023 1023 1023 1023 1 0 0 0 1 1 1 1 100 100 100 100 3583 3583 3583 3583 0 0 0 0 0 0 0 0
i 329400174 344808396 0 0 0 0 255 255 255 255 0 0 0 0 383 383 383 383 0 0 0 0 1 1 1 1 20 20 20 20 3583 3583 3583 3583 0 0 0 0 0 0 0 0
j 329400174 344808396 0 0 0 0 255 255 255 255 0 0 0 0 383 383 383 383 0 0 0 0 1 1 1 1 20 20 20 20 3583 3583 3583 3583 1 1 1 1 0 0 0 0
k 329400174 344808396 0 0 0 0 255 255 255 255 0 0 0 0 895 895 895 895 0 0 0 0 1 1 1 1 20 20 20 20 3583 3583 3583 3583 1 1 1 1 0 0 0 0
l 329400174 344808396 70 0 0 0 150 255 255 255 0 0 0 0 1023 1023 1023 1023 1 0 0 0 1 1 1 1 100 100 100 100 3583 3583 3583 3583 1 0 0 0 0 0 0 0 
m 329400174 344808396 70 0 0 0 150 255 255 255 0 0 0 0 1023 1023 1023 1023 1 0 0 0 1 1 1 1 50 50 50 50 3583 3583 3583 3583 0 0 0 0 0 0 0 0
n 329400174 344808396 0 0 0 0 255 255 255 255 0 0 0 0 127 127 127 127 0 0 0 0 1 1 1 1 100 100 100 100 3583 3583 3583 3583 1 1 1 1 0 0 0 0
o 329400174 344808396 0 0 0 0 255 255 255 255 0 0 0 0 383 383 383 383 0 0 0 0 1 1 1 1 100 100 100 100 3583 3583 3583 3583 0 0 0 0 0 0 0 0
p 329400174 344808396 0 0 0 0 255 255 255 255 0 0 0 0 383 383 383 383 0 0 0 0 1 1 1 1 100 100 100 100 3583 3583 3583 3583 1 1 1 1 0 0 0 0
q 329400174 344808396 70 0 0 0 150 255 255 255 0 0 0 0 1023 1023 1023 1023 1 0 0 0 1 1 1 1 50 50 50 50 3583 3583 3583 3583 1 0 0 0 0 0 0 0
r 329400174 344808396 0 0 0 0 255 255 255 255 0 0 0 0 767 767 767 767 0 0 0 0 1 1 1 1 20 20 20 20 3583 3583 3583 3583 1 1 1 1 0 0 0 0
s 329400174 344808396 0 0 0 0 255 255 255 255 0 0 0 0 767 767 767 767 0 0 0 0 1 1 1 1 20 20 20 20 3583 3583 3583 3583 0 0 0 0 0 0 0 0
t 329400174 344808396 0 0 0 0 255 255 255 255 0 0 0 0 1023 1023 1023 1023 0 0 0 0 1 1 1 1 128 128 128 128 256 256 256 256 0 0 0 0 0 0 0 0
u 329400174 344808396 0 0 0 0 255 255 255 255 0 0 0 0 1023 1023 1023 1023 0 0 0 0 1 1 1 1 20 20 20 20 3584 3584 3584 3584 0 0 0 0 0 0 0 0
v 329400174 344808396 0 0 0 0 255 255 255 255 0 0 0 0 1023 1023 1023 1023 0 0 0 0 1 1 1 1 50 50 50 50 3583 3583 3583 3583 1 1 1 1 0 0 0 0
w 329400174 344808396 0 0 0 0 255 255 255 255 0 0 0 0 767 767 767 767 0 0 0 0 1 1 1 1 100 100 100 100 3583 3583 3583 3583 0 0 0 0 0 0 0 0
x 329400174 344808396 0 0 0 0 255 255 255 255 0 0 0 0 767 767 767 767 0 0 0 0 1 1 1 1 100 100 100 100 3583 3583 3583 3583 1 1 1 1 0 0 0 0
y 329400174 344808396 0 0 0 0 255 255 255 255 0 0 0 0 203 203 203 203 0 0 0 0 1 1 1 1 100 100 100 100 3583 3583 3583 3583 1 1 1 1 0 0 0 0
#
# 2010-12-21: New list required after sequence 105006020.
#             Code 'i' was recycled.
#
a 344808396 350231372 0 0 0 0 255 255 255 255 0 0 0 0 1023 1023 1023 1023 0 0 0 0 1 1 1 1 100 100 100 100 3583 3583 3583 3583 0 0 0 0 0 0 0 0
b 344808396 350231372 0 0 0 0 255 255 255 255 0 0 0 0 1023 1023 1023 1023 0 0 0 0 1 1 1 1 20 20 20 20 3583 3583 3583 3583 0 0 0 0 0 0 0 0
c 344808396 350231372 0 0 0 0 255 255 255 255 0 0 0 0 1023 1023 1023 1023 0 0 0 0 1 1 1 1 50 50 50 50 3583 3583 3583 3583 0 0 0 0 0 0 0 0
d 344808396 350231372 0 0 0 0 255 255 255 255 0 0 0 0 1023 1023 1023 1023 0 0 0 0 1 1 1 1 60 60 60 60 3583 3583 3583 3583 0 0 0 0 0 0 0 0
e 344808396 350231372 0 0 0 0 255 255 255 255 0 0 0 0 511 511 511 511 0 0 0 0 1 1 1 1 100 100 100 100 3583 3583 3583 3583 0 0 0 0 0 0 0 0
f 344808396 350231372 0 0 0 0 255 255 255 255 0 0 0 0 511 511 511 511 0 0 0 0 1 1 1 1 100 100 100 100 3583 3583 3583 3583 1 1 1 1 0 0 0 0
g 344808396 350231372 0 0 0 0 255 255 255 255 0 0 0 0 203 203 203 203 0 0 0 0 1 1 1 1 100 100 100 100 3583 3583 3583 3583 0 0 0 0 0 0 0 0
h 344808396 350231372 70 0 0 0 150 255 255 255 0 0 0 0 1023 1023 1023 1023 1 0 0 0 1 1 1 1 100 100 100 100 3583 3583 3583 3583 0 0 0 0 0 0 0 0
i 344808396 350231372 0 0 0 0 255 255 255 255 0 0 0 0 1023 1023 1023 1023 0 0 0 0 1 1 1 1 35 35 35 35 3584 3584 3584 3584 0 0 0 0 0 0 0 0
j 344808396 350231372 0 0 0 0 255 255 255 255 0 0 0 0 383 383 383 383 0 0 0 0 1 1 1 1 20 20 20 20 3583 3583 3583 3583 1 1 1 1 0 0 0 0
k 344808396 350231372 0 0 0 0 255 255 255 255 0 0 0 0 895 895 895 895 0 0 0 0 1 1 1 1 20 20 20 20 3583 3583 3583 3583 1 1 1 1 0 0 0 0
l 344808396 350231372 70 0 0 0 150 255 255 255 0 0 0 0 1023 1023 1023 1023 1 0 0 0 1 1 1 1 100 100 100 100 3583 3583 3583 3583 1 0 0 0 0 0 0 0 
m 344808396 350231372 70 0 0 0 150 255 255 255 0 0 0 0 1023 1023 1023 1023 1 0 0 0 1 1 1 1 50 50 50 50 3583 3583 3583 3583 0 0 0 0 0 0 0 0
n 344808396 350231372 0 0 0 0 255 255 255 255 0 0 0 0 127 127 127 127 0 0 0 0 1 1 1 1 100 100 100 100 3583 3583 3583 3583 1 1 1 1 0 0 0 0
o 344808396 350231372 0 0 0 0 255 255 255 255 0 0 0 0 383 383 383 383 0 0 0 0 1 1 1 1 100 100 100 100 3583 3583 3583 3583 0 0 0 0 0 0 0 0
p 344808396 350231372 0 0 0 0 255 255 255 255 0 0 0 0 383 383 383 383 0 0 0 0 1 1 1 1 100 100 100 100 3583 3583 3583 3583 1 1 1 1 0 0 0 0
q 344808396 350231372 70 0 0 0 150 255 255 255 0 0 0 0 1023 1023 1023 1023 1 0 0 0 1 1 1 1 50 50 50 50 3583 3583 3583 3583 1 0 0 0 0 0 0 0
r 344808396 350231372 0 0 0 0 255 255 255 255 0 0 0 0 767 767 767 767 0 0 0 0 1 1 1 1 20 20 20 20 3583 3583 3583 3583 1 1 1 1 0 0 0 0
s 344808396 350231372 0 0 0 0 255 255 255 255 0 0 0 0 767 767 767 767 0 0 0 0 1 1 1 1 20 20 20 20 3583 3583 3583 3583 0 0 0 0 0 0 0 0
t 344808396 350231372 0 0 0 0 255 255 255 255 0 0 0 0 1023 1023 1023 1023 0 0 0 0 1 1 1 1 128 128 128 128 256 256 256 256 0 0 0 0 0 0 0 0
u 344808396 350231372 0 0 0 0 255 255 255 255 0 0 0 0 1023 1023 1023 1023 0 0 0 0 1 1 1 1 20 20 20 20 3584 3584 3584 3584 0 0 0 0 0 0 0 0
v 344808396 350231372 0 0 0 0 255 255 255 255 0 0 0 0 1023 1023 1023 1023 0 0 0 0 1 1 1 1 50 50 50 50 3583 3583 3583 3583 1 1 1 1 0 0 0 0
w 344808396 350231372 0 0 0 0 255 255 255 255 0 0 0 0 767 767 767 767 0 0 0 0 1 1 1 1 100 100 100 100 3583 3583 3583 3583 0 0 0 0 0 0 0 0
x 344808396 350231372 0 0 0 0 255 255 255 255 0 0 0 0 767 767 767 767 0 0 0 0 1 1 1 1 100 100 100 100 3583 3583 3583 3583 1 1 1 1 0 0 0 0
y 344808396 350231372 0 0 0 0 255 255 255 255 0 0 0 0 203 203 203 203 0 0 0 0 1 1 1 1 100 100 100 100 3583 3583 3583 3583 1 1 1 1 0 0 0 0
#
# 2011-02-22: New list required after sequence 105004060.
#             Code 'j' was recycled
#
a 350231372 357681131 0 0 0 0 255 255 255 255 0 0 0 0 1023 1023 1023 1023 0 0 0 0 1 1 1 1 100 100 100 100 3583 3583 3583 3583 0 0 0 0 0 0 0 0
b 350231372 357681131 0 0 0 0 255 255 255 255 0 0 0 0 1023 1023 1023 1023 0 0 0 0 1 1 1 1 20 20 20 20 3583 3583 3583 3583 0 0 0 0 0 0 0 0
c 350231372 357681131 0 0 0 0 255 255 255 255 0 0 0 0 1023 1023 1023 1023 0 0 0 0 1 1 1 1 50 50 50 50 3583 3583 3583 3583 0 0 0 0 0 0 0 0
d 350231372 357681131 0 0 0 0 255 255 255 255 0 0 0 0 1023 1023 1023 1023 0 0 0 0 1 1 1 1 60 60 60 60 3583 3583 3583 3583 0 0 0 0 0 0 0 0
e 350231372 357681131 0 0 0 0 255 255 255 255 0 0 0 0 511 511 511 511 0 0 0 0 1 1 1 1 100 100 100 100 3583 3583 3583 3583 0 0 0 0 0 0 0 0
f 350231372 357681131 0 0 0 0 255 255 255 255 0 0 0 0 511 511 511 511 0 0 0 0 1 1 1 1 100 100 100 100 3583 3583 3583 3583 1 1 1 1 0 0 0 0
g 350231372 357681131 0 0 0 0 255 255 255 255 0 0 0 0 203 203 203 203 0 0 0 0 1 1 1 1 100 100 100 100 3583 3583 3583 3583 0 0 0 0 0 0 0 0
h 350231372 357681131 70 0 0 0 150 255 255 255 0 0 0 0 1023 1023 1023 1023 1 0 0 0 1 1 1 1 100 100 100 100 3583 3583 3583 3583 0 0 0 0 0 0 0 0
i 350231372 357681131 0 0 0 0 255 255 255 255 0 0 0 0 1023 1023 1023 1023 0 0 0 0 1 1 1 1 35 35 35 35 3584 3584 3584 3584 0 0 0 0 0 0 0 0
j 350231372 357681131 70 0 0 0 150 255 255 255 0 0 0 0 1023 1023 1023 1023 1 0 0 0 1 1 1 1 20 20 20 20 3583 3583 3583 3583 1 0 0 0 0 0 0 0
k 350231372 357681131 0 0 0 0 255 255 255 255 0 0 0 0 895 895 895 895 0 0 0 0 1 1 1 1 20 20 20 20 3583 3583 3583 3583 1 1 1 1 0 0 0 0
l 350231372 357681131 70 0 0 0 150 255 255 255 0 0 0 0 1023 1023 1023 1023 1 0 0 0 1 1 1 1 100 100 100 100 3583 3583 3583 3583 1 0 0 0 0 0 0 0 
m 350231372 357681131 70 0 0 0 150 255 255 255 0 0 0 0 1023 1023 1023 1023 1 0 0 0 1 1 1 1 50 50 50 50 3583 3583 3583 3583 0 0 0 0 0 0 0 0
n 350231372 357681131 0 0 0 0 255 255 255 255 0 0 0 0 127 127 127 127 0 0 0 0 1 1 1 1 100 100 100 100 3583 3583 3583 3583 1 1 1 1 0 0 0 0
o 350231372 357681131 0 0 0 0 255 255 255 255 0 0 0 0 383 383 383 383 0 0 0 0 1 1 1 1 100 100 100 100 3583 3583 3583 3583 0 0 0 0 0 0 0 0
p 350231372 357681131 0 0 0 0 255 255 255 255 0 0 0 0 383 383 383 383 0 0 0 0 1 1 1 1 100 100 100 100 3583 3583 3583 3583 1 1 1 1 0 0 0 0
q 350231372 357681131 70 0 0 0 150 255 255 255 0 0 0 0 1023 1023 1023 1023 1 0 0 0 1 1 1 1 50 50 50 50 3583 3583 3583 3583 1 0 0 0 0 0 0 0
r 350231372 357681131 0 0 0 0 255 255 255 255 0 0 0 0 767 767 767 767 0 0 0 0 1 1 1 1 20 20 20 20 3583 3583 3583 3583 1 1 1 1 0 0 0 0
s 350231372 357681131 0 0 0 0 255 255 255 255 0 0 0 0 767 767 767 767 0 0 0 0 1 1 1 1 20 20 20 20 3583 3583 3583 3583 0 0 0 0 0 0 0 0
t 350231372 357681131 0 0 0 0 255 255 255 255 0 0 0 0 1023 1023 1023 1023 0 0 0 0 1 1 1 1 128 128 128 128 256 256 256 256 0 0 0 0 0 0 0 0
u 350231372 357681131 0 0 0 0 255 255 255 255 0 0 0 0 1023 1023 1023 1023 0 0 0 0 1 1 1 1 20 20 20 20 3584 3584 3584 3584 0 0 0 0 0 0 0 0
v 350231372 357681131 0 0 0 0 255 255 255 255 0 0 0 0 1023 1023 1023 1023 0 0 0 0 1 1 1 1 50 50 50 50 3583 3583 3583 3583 1 1 1 1 0 0 0 0
w 350231372 357681131 0 0 0 0 255 255 255 255 0 0 0 0 767 767 767 767 0 0 0 0 1 1 1 1 100 100 100 100 3583 3583 3583 3583 0 0 0 0 0 0 0 0
x 350231372 357681131 0 0 0 0 255 255 255 255 0 0 0 0 767 767 767 767 0 0 0 0 1 1 1 1 100 100 100 100 3583 3583 3583 3583 1 1 1 1 0 0 0 0
y 350231372 357681131 0 0 0 0 255 255 255 255 0 0 0 0 203 203 203 203 0 0 0 0 1 1 1 1 100 100 100 100 3583 3583 3583 3583 1 1 1 1 0 0 0 0
#
# 2011-05-17: New list required after sequence 106001010.
#             Code 'f' was recycled
#
a 357681131 380721801 0 0 0 0 255 255 255 255 0 0 0 0 1023 1023 1023 1023 0 0 0 0 1 1 1 1 100 100 100 100 3583 3583 3583 3583 0 0 0 0 0 0 0 0
b 357681131 380721801 0 0 0 0 255 255 255 255 0 0 0 0 1023 1023 1023 1023 0 0 0 0 1 1 1 1 20 20 20 20 3583 3583 3583 3583 0 0 0 0 0 0 0 0
c 357681131 380721801 0 0 0 0 255 255 255 255 0 0 0 0 1023 1023 1023 1023 0 0 0 0 1 1 1 1 50 50 50 50 3583 3583 3583 3583 0 0 0 0 0 0 0 0
d 357681131 380721801 0 0 0 0 255 255 255 255 0 0 0 0 1023 1023 1023 1023 0 0 0 0 1 1 1 1 60 60 60 60 3583 3583 3583 3583 0 0 0 0 0 0 0 0
e 357681131 380721801 0 0 0 0 255 255 255 255 0 0 0 0 511 511 511 511 0 0 0 0 1 1 1 1 100 100 100 100 3583 3583 3583 3583 0 0 0 0 0 0 0 0
f 357681131 380721801 70 0 0 0 150 255 255 255 0 0 0 0 1023 1023 1023 1023 1 0 0 0 1 1 1 1 20 20 20 20 3583 3583 3583 3583 0 0 0 0 0 0 0 0
g 357681131 380721801 0 0 0 0 255 255 255 255 0 0 0 0 203 203 203 203 0 0 0 0 1 1 1 1 100 100 100 100 3583 3583 3583 3583 0 0 0 0 0 0 0 0
h 357681131 380721801 70 0 0 0 150 255 255 255 0 0 0 0 1023 1023 1023 1023 1 0 0 0 1 1 1 1 100 100 100 100 3583 3583 3583 3583 0 0 0 0 0 0 0 0
i 357681131 380721801 0 0 0 0 255 255 255 255 0 0 0 0 1023 1023 1023 1023 0 0 0 0 1 1 1 1 35 35 35 35 3584 3584 3584 3584 0 0 0 0 0 0 0 0
j 357681131 380721801 70 0 0 0 150 255 255 255 0 0 0 0 1023 1023 1023 1023 1 0 0 0 1 1 1 1 20 20 20 20 3583 3583 3583 3583 1 0 0 0 0 0 0 0
k 357681131 380721801 0 0 0 0 255 255 255 255 0 0 0 0 895 895 895 895 0 0 0 0 1 1 1 1 20 20 20 20 3583 3583 3583 3583 1 1 1 1 0 0 0 0
l 357681131 380721801 70 0 0 0 150 255 255 255 0 0 0 0 1023 1023 1023 1023 1 0 0 0 1 1 1 1 100 100 100 100 3583 3583 3583 3583 1 0 0 0 0 0 0 0 
m 357681131 380721801 70 0 0 0 150 255 255 255 0 0 0 0 1023 1023 1023 1023 1 0 0 0 1 1 1 1 50 50 50 50 3583 3583 3583 3583 0 0 0 0 0 0 0 0
n 357681131 380721801 0 0 0 0 255 255 255 255 0 0 0 0 127 127 127 127 0 0 0 0 1 1 1 1 100 100 100 100 3583 3583 3583 3583 1 1 1 1 0 0 0 0
o 357681131 380721801 0 0 0 0 255 255 255 255 0 0 0 0 383 383 383 383 0 0 0 0 1 1 1 1 100 100 100 100 3583 3583 3583 3583 0 0 0 0 0 0 0 0
p 357681131 380721801 0 0 0 0 255 255 255 255 0 0 0 0 383 383 383 383 0 0 0 0 1 1 1 1 100 100 100 100 3583 3583 3583 3583 1 1 1 1 0 0 0 0
q 357681131 380721801 70 0 0 0 150 255 255 255 0 0 0 0 1023 1023 1023 1023 1 0 0 0 1 1 1 1 50 50 50 50 3583 3583 3583 3583 1 0 0 0 0 0 0 0
r 357681131 380721801 0 0 0 0 255 255 255 255 0 0 0 0 767 767 767 767 0 0 0 0 1 1 1 1 20 20 20 20 3583 3583 3583 3583 1 1 1 1 0 0 0 0
s 357681131 380721801 0 0 0 0 255 255 255 255 0 0 0 0 767 767 767 767 0 0 0 0 1 1 1 1 20 20 20 20 3583 3583 3583 3583 0 0 0 0 0 0 0 0
t 357681131 380721801 0 0 0 0 255 255 255 255 0 0 0 0 1023 1023 1023 1023 0 0 0 0 1 1 1 1 128 128 128 128 256 256 256 256 0 0 0 0 0 0 0 0
u 357681131 380721801 0 0 0 0 255 255 255 255 0 0 0 0 1023 1023 1023 1023 0 0 0 0 1 1 1 1 20 20 20 20 3584 3584 3584 3584 0 0 0 0 0 0 0 0
v 357681131 380721801 0 0 0 0 255 255 255 255 0 0 0 0 1023 1023 1023 1023 0 0 0 0 1 1 1 1 50 50 50 50 3583 3583 3583 3583 1 1 1 1 0 0 0 0
w 357681131 380721801 0 0 0 0 255 255 255 255 0 0 0 0 767 767 767 767 0 0 0 0 1 1 1 1 100 100 100 100 3583 3583 3583 3583 0 0 0 0 0 0 0 0
x 357681131 380721801 0 0 0 0 255 255 255 255 0 0 0 0 767 767 767 767 0 0 0 0 1 1 1 1 100 100 100 100 3583 3583 3583 3583 1 1 1 1 0 0 0 0
y 350231372 380721801 0 0 0 0 255 255 255 255 0 0 0 0 203 203 203 203 0 0 0 0 1 1 1 1 100 100 100 100 3583 3583 3583 3583 1 1 1 1 0 0 0 0
#
# 2012-02-17: New list required after sequence 506025010.
#             Code 'k' was recycled
#
a 380721801 434245021 0 0 0 0 255 255 255 255 0 0 0 0 1023 1023 1023 1023 0 0 0 0 1 1 1 1 100 100 100 100 3583 3583 3583 3583 0 0 0 0 0 0 0 0
b 380721801 434245021 0 0 0 0 255 255 255 255 0 0 0 0 1023 1023 1023 1023 0 0 0 0 1 1 1 1 20 20 20 20 3583 3583 3583 3583 0 0 0 0 0 0 0 0
c 380721801 434245021 0 0 0 0 255 255 255 255 0 0 0 0 1023 1023 1023 1023 0 0 0 0 1 1 1 1 50 50 50 50 3583 3583 3583 3583 0 0 0 0 0 0 0 0
d 380721801 434245021 0 0 0 0 255 255 255 255 0 0 0 0 1023 1023 1023 1023 0 0 0 0 1 1 1 1 60 60 60 60 3583 3583 3583 3583 0 0 0 0 0 0 0 0
e 380721801 434245021 0 0 0 0 255 255 255 255 0 0 0 0 511 511 511 511 0 0 0 0 1 1 1 1 100 100 100 100 3583 3583 3583 3583 0 0 0 0 0 0 0 0
f 380721801 434245021 70 0 0 0 150 255 255 255 0 0 0 0 1023 1023 1023 1023 1 0 0 0 1 1 1 1 20 20 20 20 3583 3583 3583 3583 0 0 0 0 0 0 0 0
g 380721801 434245021 0 0 0 0 255 255 255 255 0 0 0 0 203 203 203 203 0 0 0 0 1 1 1 1 100 100 100 100 3583 3583 3583 3583 0 0 0 0 0 0 0 0
h 380721801 434245021 70 0 0 0 150 255 255 255 0 0 0 0 1023 1023 1023 1023 1 0 0 0 1 1 1 1 100 100 100 100 3583 3583 3583 3583 0 0 0 0 0 0 0 0
i 380721801 434245021 0 0 0 0 255 255 255 255 0 0 0 0 1023 1023 1023 1023 0 0 0 0 1 1 1 1 35 35 35 35 3584 3584 3584 3584 0 0 0 0 0 0 0 0
j 380721801 434245021 70 0 0 0 150 255 255 255 0 0 0 0 1023 1023 1023 1023 1 0 0 0 1 1 1 1 20 20 20 20 3583 3583 3583 3583 1 0 0 0 0 0 0 0
k 380721801 434245021 0 0 0 0 255 255 255 255 0 0 0 0 1023 1023 1023 1023 0 0 0 0 1 1 1 1 100 100 100 100 256 256 256 256 0 0 0 0 0 0 0 0
l 380721801 434245021 70 0 0 0 150 255 255 255 0 0 0 0 1023 1023 1023 1023 1 0 0 0 1 1 1 1 100 100 100 100 3583 3583 3583 3583 1 0 0 0 0 0 0 0 
m 380721801 434245021 70 0 0 0 150 255 255 255 0 0 0 0 1023 1023 1023 1023 1 0 0 0 1 1 1 1 50 50 50 50 3583 3583 3583 3583 0 0 0 0 0 0 0 0
n 380721801 434245021 0 0 0 0 255 255 255 255 0 0 0 0 127 127 127 127 0 0 0 0 1 1 1 1 100 100 100 100 3583 3583 3583 3583 1 1 1 1 0 0 0 0
o 380721801 434245021 0 0 0 0 255 255 255 255 0 0 0 0 383 383 383 383 0 0 0 0 1 1 1 1 100 100 100 100 3583 3583 3583 3583 0 0 0 0 0 0 0 0
p 380721801 434245021 0 0 0 0 255 255 255 255 0 0 0 0 383 383 383 383 0 0 0 0 1 1 1 1 100 100 100 100 3583 3583 3583 3583 1 1 1 1 0 0 0 0
q 380721801 434245021 70 0 0 0 150 255 255 255 0 0 0 0 1023 1023 1023 1023 1 0 0 0 1 1 1 1 50 50 50 50 3583 3583 3583 3583 1 0 0 0 0 0 0 0
r 380721801 434245021 0 0 0 0 255 255 255 255 0 0 0 0 767 767 767 767 0 0 0 0 1 1 1 1 20 20 20 20 3583 3583 3583 3583 1 1 1 1 0 0 0 0
s 380721801 434245021 0 0 0 0 255 255 255 255 0 0 0 0 767 767 767 767 0 0 0 0 1 1 1 1 20 20 20 20 3583 3583 3583 3583 0 0 0 0 0 0 0 0
t 380721801 434245021 0 0 0 0 255 255 255 255 0 0 0 0 1023 1023 1023 1023 0 0 0 0 1 1 1 1 128 128 128 128 256 256 256 256 0 0 0 0 0 0 0 0
u 380721801 434245021 0 0 0 0 255 255 255 255 0 0 0 0 1023 1023 1023 1023 0 0 0 0 1 1 1 1 20 20 20 20 3584 3584 3584 3584 0 0 0 0 0 0 0 0
v 380721801 434245021 0 0 0 0 255 255 255 255 0 0 0 0 1023 1023 1023 1023 0 0 0 0 1 1 1 1 50 50 50 50 3583 3583 3583 3583 1 1 1 1 0 0 0 0
w 380721801 434245021 0 0 0 0 255 255 255 255 0 0 0 0 767 767 767 767 0 0 0 0 1 1 1 1 100 100 100 100 3583 3583 3583 3583 0 0 0 0 0 0 0 0
x 380721801 434245021 0 0 0 0 255 255 255 255 0 0 0 0 767 767 767 767 0 0 0 0 1 1 1 1 100 100 100 100 3583 3583 3583 3583 1 1 1 1 0 0 0 0
y 380721801 434245021 0 0 0 0 255 255 255 255 0 0 0 0 203 203 203 203 0 0 0 0 1 1 1 1 100 100 100 100 3583 3583 3583 3583 1 1 1 1 0 0 0 0
#
# 2013-10-25: New list required after sequences 408009010 and 408024010
#             Code 'w' was recycled
#             Code 'x' was recycled
#
a 434245021 465384851 0 0 0 0 255 255 255 255 0 0 0 0 1023 1023 1023 1023 0 0 0 0 1 1 1 1 100 100 100 100 3583 3583 3583 3583 0 0 0 0 0 0 0 0
b 434245021 465384851 0 0 0 0 255 255 255 255 0 0 0 0 1023 1023 1023 1023 0 0 0 0 1 1 1 1 20 20 20 20 3583 3583 3583 3583 0 0 0 0 0 0 0 0
c 434245021 465384851 0 0 0 0 255 255 255 255 0 0 0 0 1023 1023 1023 1023 0 0 0 0 1 1 1 1 50 50 50 50 3583 3583 3583 3583 0 0 0 0 0 0 0 0
d 434245021 465384851 0 0 0 0 255 255 255 255 0 0 0 0 1023 1023 1023 1023 0 0 0 0 1 1 1 1 60 60 60 60 3583 3583 3583 3583 0 0 0 0 0 0 0 0
e 434245021 465384851 0 0 0 0 255 255 255 255 0 0 0 0 511 511 511 511 0 0 0 0 1 1 1 1 100 100 100 100 3583 3583 3583 3583 0 0 0 0 0 0 0 0
f 434245021 465384851 70 0 0 0 150 255 255 255 0 0 0 0 1023 1023 1023 1023 1 0 0 0 1 1 1 1 20 20 20 20 3583 3583 3583 3583 0 0 0 0 0 0 0 0
g 434245021 465384851 0 0 0 0 255 255 255 255 0 0 0 0 203 203 203 203 0 0 0 0 1 1 1 1 100 100 100 100 3583 3583 3583 3583 0 0 0 0 0 0 0 0
h 434245021 465384851 70 0 0 0 150 255 255 255 0 0 0 0 1023 1023 1023 1023 1 0 0 0 1 1 1 1 100 100 100 100 3583 3583 3583 3583 0 0 0 0 0 0 0 0
i 434245021 465384851 0 0 0 0 255 255 255 255 0 0 0 0 1023 1023 1023 1023 0 0 0 0 1 1 1 1 35 35 35 35 3584 3584 3584 3584 0 0 0 0 0 0 0 0
j 434245021 465384851 70 0 0 0 150 255 255 255 0 0 0 0 1023 1023 1023 1023 1 0 0 0 1 1 1 1 20 20 20 20 3583 3583 3583 3583 1 0 0 0 0 0 0 0
k 434245021 465384851 0 0 0 0 255 255 255 255 0 0 0 0 1023 1023 1023 1023 0 0 0 0 1 1 1 1 100 100 100 100 256 256 256 256 0 0 0 0 0 0 0 0
l 434245021 465384851 70 0 0 0 150 255 255 255 0 0 0 0 1023 1023 1023 1023 1 0 0 0 1 1 1 1 100 100 100 100 3583 3583 3583 3583 1 0 0 0 0 0 0 0 
m 434245021 465384851 70 0 0 0 150 255 255 255 0 0 0 0 1023 1023 1023 1023 1 0 0 0 1 1 1 1 50 50 50 50 3583 3583 3583 3583 0 0 0 0 0 0 0 0
n 434245021 465384851 0 0 0 0 255 255 255 255 0 0 0 0 127 127 127 127 0 0 0 0 1 1 1 1 100 100 100 100 3583 3583 3583 3583 1 1 1 1 0 0 0 0
o 434245021 465384851 0 0 0 0 255 255 255 255 0 0 0 0 383 383 383 383 0 0 0 0 1 1 1 1 100 100 100 100 3583 3583 3583 3583 0 0 0 0 0 0 0 0
p 434245021 465384851 0 0 0 0 255 255 255 255 0 0 0 0 383 383 383 383 0 0 0 0 1 1 1 1 100 100 100 100 3583 3583 3583 3583 1 1 1 1 0 0 0 0
q 434245021 465384851 70 0 0 0 150 255 255 255 0 0 0 0 1023 1023 1023 1023 1 0 0 0 1 1 1 1 50 50 50 50 3583 3583 3583 3583 1 0 0 0 0 0 0 0
r 434245021 465384851 0 0 0 0 255 255 255 255 0 0 0 0 767 767 767 767 0 0 0 0 1 1 1 1 20 20 20 20 3583 3583 3583 3583 1 1 1 1 0 0 0 0
s 434245021 465384851 0 0 0 0 255 255 255 255 0 0 0 0 767 767 767 767 0 0 0 0 1 1 1 1 20 20 20 20 3583 3583 3583 3583 0 0 0 0 0 0 0 0
t 434245021 465384851 0 0 0 0 255 255 255 255 0 0 0 0 1023 1023 1023 1023 0 0 0 0 1 1 1 1 128 128 128 128 256 256 256 256 0 0 0 0 0 0 0 0
u 434245021 465384851 0 0 0 0 255 255 255 255 0 0 0 0 1023 1023 1023 1023 0 0 0 0 1 1 1 1 20 20 20 20 3584 3584 3584 3584 0 0 0 0 0 0 0 0
v 434245021 465384851 0 0 0 0 255 255 255 255 0 0 0 0 1023 1023 1023 1023 0 0 0 0 1 1 1 1 50 50 50 50 3583 3583 3583 3583 1 1 1 1 0 0 0 0
w 434245021 465384851 70 0 0 0 255 255 255 255 0 0 0 0 1023 1023 1023 1023 0 0 0 0 1 1 1 1 100 100 100 100 3583 3583 3583 3583 0 0 0 0 0 0 0 0
x 434245021 465384851 70 0 0 0 150 255 255 255 0 0 0 0 1023 1023 1023 1023 0 0 0 0 1 1 1 1 100 100 100 100 3583 3583 3583 3583 0 0 0 0 0 0 0 0
y 434245021 465384851 0 0 0 0 255 255 255 255 0 0 0 0 203 203 203 203 0 0 0 0 1 1 1 1 100 100 100 100 3583 3583 3583 3583 1 1 1 1 0 0 0 0
#
# 2014-10-16: New list required after sequences 409008010 and 709020010
#             Code 't' was recycled
#             Code 'g' was recycled
#
a 465384851 467247090 0 0 0 0 255 255 255 255 0 0 0 0 1023 1023 1023 1023 0 0 0 0 1 1 1 1 100 100 100 100 3583 3583 3583 3583 0 0 0 0 0 0 0 0
b 465384851 467247090 0 0 0 0 255 255 255 255 0 0 0 0 1023 1023 1023 1023 0 0 0 0 1 1 1 1 20 20 20 20 3583 3583 3583 3583 0 0 0 0 0 0 0 0
c 465384851 467247090 0 0 0 0 255 255 255 255 0 0 0 0 1023 1023 1023 1023 0 0 0 0 1 1 1 1 50 50 50 50 3583 3583 3583 3583 0 0 0 0 0 0 0 0
d 465384851 467247090 0 0 0 0 255 255 255 255 0 0 0 0 1023 1023 1023 1023 0 0 0 0 1 1 1 1 60 60 60 60 3583 3583 3583 3583 0 0 0 0 0 0 0 0
e 465384851 467247090 0 0 0 0 255 255 255 255 0 0 0 0 511 511 511 511 0 0 0 0 1 1 1 1 100 100 100 100 3583 3583 3583 3583 0 0 0 0 0 0 0 0
f 465384851 467247090 70 0 0 0 150 255 255 255 0 0 0 0 1023 1023 1023 1023 1 0 0 0 1 1 1 1 20 20 20 20 3583 3583 3583 3583 0 0 0 0 0 0 0 0
g 465384851 467247090 0 0 0 0 210 255 255 255 0 0 0 0 1023 1023 1023 1023 1 0 0 0 1 1 1 1 100 100 100 100 3583 3583 3583 3583 0 0 0 0 0 0 0 0
h 465384851 467247090 70 0 0 0 150 255 255 255 0 0 0 0 1023 1023 1023 1023 1 0 0 0 1 1 1 1 100 100 100 100 3583 3583 3583 3583 0 0 0 0 0 0 0 0
i 465384851 467247090 0 0 0 0 255 255 255 255 0 0 0 0 1023 1023 1023 1023 0 0 0 0 1 1 1 1 35 35 35 35 3584 3584 3584 3584 0 0 0 0 0 0 0 0
j 465384851 467247090 70 0 0 0 150 255 255 255 0 0 0 0 1023 1023 1023 1023 1 0 0 0 1 1 1 1 20 20 20 20 3583 3583 3583 3583 1 0 0 0 0 0 0 0
k 465384851 467247090 0 0 0 0 255 255 255 255 0 0 0 0 1023 1023 1023 1023 0 0 0 0 1 1 1 1 100 100 100 100 256 256 256 256 0 0 0 0 0 0 0 0
l 465384851 467247090 70 0 0 0 150 255 255 255 0 0 0 0 1023 1023 1023 1023 1 0 0 0 1 1 1 1 100 100 100 100 3583 3583 3583 3583 1 0 0 0 0 0 0 0
m 465384851 467247090 70 0 0 0 150 255 255 255 0 0 0 0 1023 1023 1023 1023 1 0 0 0 1 1 1 1 50 50 50 50 3583 3583 3583 3583 0 0 0 0 0 0 0 0
n 465384851 467247090 0 0 0 0 255 255 255 255 0 0 0 0 127 127 127 127 0 0 0 0 1 1 1 1 100 100 100 100 3583 3583 3583 3583 1 1 1 1 0 0 0 0
o 465384851 467247090 0 0 0 0 255 255 255 255 0 0 0 0 383 383 383 383 0 0 0 0 1 1 1 1 100 100 100 100 3583 3583 3583 3583 0 0 0 0 0 0 0 0
p 465384851 467247090 0 0 0 0 255 255 255 255 0 0 0 0 383 383 383 383 0 0 0 0 1 1 1 1 100 100 100 100 3583 3583 3583 3583 1 1 1 1 0 0 0 0
q 465384851 467247090 70 0 0 0 150 255 255 255 0 0 0 0 1023 1023 1023 1023 1 0 0 0 1 1 1 1 50 50 50 50 3583 3583 3583 3583 1 0 0 0 0 0 0 0
r 465384851 467247090 0 0 0 0 255 255 255 255 0 0 0 0 767 767 767 767 0 0 0 0 1 1 1 1 20 20 20 20 3583 3583 3583 3583 1 1 1 1 0 0 0 0
s 465384851 467247090 0 0 0 0 255 255 255 255 0 0 0 0 767 767 767 767 0 0 0 0 1 1 1 1 20 20 20 20 3583 3583 3583 3583 0 0 0 0 0 0 0 0
t 465384851 467247090 0 0 0 0 210 255 255 255 0 0 0 0 1023 1023 1023 1023 1 0 0 0 1 1 1 1 100 100 100 100 3583 3583 3583 3583 1 0 0 0 0 0 0 0
u 465384851 467247090 0 0 0 0 255 255 255 255 0 0 0 0 1023 1023 1023 1023 0 0 0 0 1 1 1 1 20 20 20 20 3584 3584 3584 3584 0 0 0 0 0 0 0 0
v 465384851 467247090 0 0 0 0 255 255 255 255 0 0 0 0 1023 1023 1023 1023 0 0 0 0 1 1 1 1 50 50 50 50 3583 3583 3583 3583 1 1 1 1 0 0 0 0
w 465384851 467247090 70 0 0 0 255 255 255 255 0 0 0 0 1023 1023 1023 1023 0 0 0 0 1 1 1 1 100 100 100 100 3583 3583 3583 3583 0 0 0 0 0 0 0 0
x 465384851 467247090 70 0 0 0 150 255 255 255 0 0 0 0 1023 1023 1023 1023 0 0 0 0 1 1 1 1 100 100 100 100 3583 3583 3583 3583 0 0 0 0 0 0 0 0
y 465384851 467247090 0 0 0 0 255 255 255 255 0 0 0 0 203 203 203 203 0 0 0 0 1 1 1 1 100 100 100 100 3583 3583 3583 3583 1 1 1 1 0 0 0 0
#
# 2014-11-10: New list required after sequence 109008020
#             Code 'n' was recycled
#             Code 'o' was recycled
#
a 467247090 999999999 0 0 0 0 255 255 255 255 0 0 0 0 1023 1023 1023 1023 0 0 0 0 1 1 1 1 100 100 100 100 3583 3583 3583 3583 0 0 0 0 0 0 0 0
b 467247090 999999999 0 0 0 0 255 255 255 255 0 0 0 0 1023 1023 1023 1023 0 0 0 0 1 1 1 1 20 20 20 20 3583 3583 3583 3583 0 0 0 0 0 0 0 0
c 467247090 999999999 0 0 0 0 255 255 255 255 0 0 0 0 1023 1023 1023 1023 0 0 0 0 1 1 1 1 50 50 50 50 3583 3583 3583 3583 0 0 0 0 0 0 0 0
d 467247090 999999999 0 0 0 0 255 255 255 255 0 0 0 0 1023 1023 1023 1023 0 0 0 0 1 1 1 1 60 60 60 60 3583 3583 3583 3583 0 0 0 0 0 0 0 0
e 467247090 999999999 0 0 0 0 255 255 255 255 0 0 0 0 511 511 511 511 0 0 0 0 1 1 1 1 100 100 100 100 3583 3583 3583 3583 0 0 0 0 0 0 0 0
f 467247090 999999999 70 0 0 0 150 255 255 255 0 0 0 0 1023 1023 1023 1023 1 0 0 0 1 1 1 1 20 20 20 20 3583 3583 3583 3583 0 0 0 0 0 0 0 0
g 467247090 999999999 0 0 0 0 210 255 255 255 0 0 0 0 1023 1023 1023 1023 1 0 0 0 1 1 1 1 100 100 100 100 3583 3583 3583 3583 0 0 0 0 0 0 0 0
h 467247090 999999999 70 0 0 0 150 255 255 255 0 0 0 0 1023 1023 1023 1023 1 0 0 0 1 1 1 1 100 100 100 100 3583 3583 3583 3583 0 0 0 0 0 0 0 0
i 467247090 999999999 0 0 0 0 255 255 255 255 0 0 0 0 1023 1023 1023 1023 0 0 0 0 1 1 1 1 35 35 35 35 3584 3584 3584 3584 0 0 0 0 0 0 0 0
j 467247090 999999999 70 0 0 0 150 255 255 255 0 0 0 0 1023 1023 1023 1023 1 0 0 0 1 1 1 1 20 20 20 20 3583 3583 3583 3583 1 0 0 0 0 0 0 0
k 467247090 999999999 0 0 0 0 255 255 255 255 0 0 0 0 1023 1023 1023 1023 0 0 0 0 1 1 1 1 100 100 100 100 256 256 256 256 0 0 0 0 0 0 0 0
l 467247090 999999999 70 0 0 0 150 255 255 255 0 0 0 0 1023 1023 1023 1023 1 0 0 0 1 1 1 1 100 100 100 100 3583 3583 3583 3583 1 0 0 0 0 0 0 0
m 467247090 999999999 70 0 0 0 150 255 255 255 0 0 0 0 1023 1023 1023 1023 1 0 0 0 1 1 1 1 50 50 50 50 3583 3583 3583 3583 0 0 0 0 0 0 0 0
n 467247090 999999999 0 0 0 0 210 255 255 255 0 0 0 0 1023 1023 1023 1023 1 0 0 0 1 1 1 1 50 50 50 50 3583 3583 3583 3583 0 0 0 0 0 0 0 0
o 467247090 999999999 0 0 0 0 210 255 255 255 0 0 0 0 1023 1023 1023 1023 1 0 0 0 1 1 1 1 50 50 50 50 3583 3583 3583 3583 1 0 0 0 0 0 0 0
p 467247090 999999999 0 0 0 0 255 255 255 255 0 0 0 0 383 383 383 383 0 0 0 0 1 1 1 1 100 100 100 100 3583 3583 3583 3583 1 1 1 1 0 0 0 0
q 467247090 999999999 70 0 0 0 150 255 255 255 0 0 0 0 1023 1023 1023 1023 1 0 0 0 1 1 1 1 50 50 50 50 3583 3583 3583 3583 1 0 0 0 0 0 0 0
r 467247090 999999999 0 0 0 0 255 255 255 255 0 0 0 0 767 767 767 767 0 0 0 0 1 1 1 1 20 20 20 20 3583 3583 3583 3583 1 1 1 1 0 0 0 0
s 467247090 999999999 0 0 0 0 255 255 255 255 0 0 0 0 767 767 767 767 0 0 0 0 1 1 1 1 20 20 20 20 3583 3583 3583 3583 0 0 0 0 0 0 0 0
t 467247090 999999999 0 0 0 0 210 255 255 255 0 0 0 0 1023 1023 1023 1023 1 0 0 0 1 1 1 1 100 100 100 100 3583 3583 3583 3583 1 0 0 0 0 0 0 0
u 467247090 999999999 0 0 0 0 255 255 255 255 0 0 0 0 1023 1023 1023 1023 0 0 0 0 1 1 1 1 20 20 20 20 3584 3584 3584 3584 0 0 0 0 0 0 0 0
v 467247090 999999999 0 0 0 0 255 255 255 255 0 0 0 0 1023 1023 1023 1023 0 0 0 0 1 1 1 1 50 50 50 50 3583 3583 3583 3583 1 1 1 1 0 0 0 0
w 467247090 999999999 70 0 0 0 255 255 255 255 0 0 0 0 1023 1023 1023 1023 0 0 0 0 1 1 1 1 100 100 100 100 3583 3583 3583 3583 0 0 0 0 0 0 0 0
x 467247090 999999999 70 0 0 0 150 255 255 255 0 0 0 0 1023 1023 1023 1023 0 0 0 0 1 1 1 1 100 100 100 100 3583 3583 3583 3583 0 0 0 0 0 0 0 0
y 467247090 999999999 0 0 0 0 255 255 255 255 0 0 0 0 203 203 203 203 0 0 0 0 1 1 1 1 100 100 100 100 3583 3583 3583 3583 1 1 1 1 0 0 0 0
