  0.0000E+00  0.7094E-02  0.4699E+02  0.6856E+01  0.4699E+02  0.4699E+02  0.2500E+00
  0.1000E+01  0.5811E-01  0.3849E+03  0.1838E+02  0.3379E+03  0.3754E+02  0.7500E+00
  0.2000E+01  0.1419E+00  0.9396E+03  0.2356E+02  0.5548E+03  0.2219E+02  0.1250E+01
  0.3000E+01  0.2396E+00  0.1587E+04  0.2546E+02  0.6476E+03  0.1322E+02  0.1750E+01
  0.4000E+01  0.3330E+00  0.2206E+04  0.2488E+02  0.6185E+03  0.7636E+01  0.2250E+01
  0.5000E+01  0.4110E+00  0.2722E+04  0.2274E+02  0.5164E+03  0.4268E+01  0.2750E+01
  0.6000E+01  0.4790E+00  0.3173E+04  0.2124E+02  0.4503E+03  0.2664E+01  0.3250E+01
  0.7000E+01  0.5388E+00  0.3569E+04  0.1992E+02  0.3962E+03  0.1761E+01  0.3750E+01
  0.8000E+01  0.5919E+00  0.3921E+04  0.1879E+02  0.3521E+03  0.1218E+01  0.4250E+01
  0.9000E+01  0.6380E+00  0.4226E+04  0.1749E+02  0.3049E+03  0.8447E+00  0.4750E+01
  0.1000E+02  0.6778E+00  0.4489E+04  0.1628E+02  0.2638E+03  0.5982E+00  0.5250E+01
  0.1100E+02  0.7142E+00  0.4730E+04  0.1556E+02  0.2407E+03  0.4550E+00  0.5750E+01
  0.1200E+02  0.7431E+00  0.4922E+04  0.1389E+02  0.1916E+03  0.3065E+00  0.6250E+01
  0.1300E+02  0.7691E+00  0.5094E+04  0.1319E+02  0.1725E+03  0.2366E+00  0.6750E+01
  0.1400E+02  0.7912E+00  0.5241E+04  0.1217E+02  0.1463E+03  0.1740E+00  0.7250E+01
  0.1500E+02  0.8095E+00  0.5362E+04  0.1109E+02  0.1212E+03  0.1261E+00  0.7750E+01
  0.1600E+02  0.8219E+00  0.5444E+04  0.9165E+01  0.8211E+02  0.7540E-01  0.8250E+01
  0.1700E+02  0.8338E+00  0.5523E+04  0.9000E+01  0.7899E+02  0.6448E-01  0.8750E+01
  0.1800E+02  0.8457E+00  0.5602E+04  0.9000E+01  0.7887E+02  0.5761E-01  0.9250E+01
  0.1900E+02  0.8566E+00  0.5674E+04  0.8602E+01  0.7176E+02  0.4718E-01  0.9750E+01
  0.2000E+02  0.8650E+00  0.5729E+04  0.7616E+01  0.5564E+02  0.3310E-01  0.1025E+02
  0.2100E+02  0.8699E+00  0.5762E+04  0.5916E+01  0.3252E+02  0.1759E-01  0.1075E+02
  0.2200E+02  0.8749E+00  0.5795E+04  0.6000E+01  0.3340E+02  0.1649E-01  0.1125E+02
  0.2300E+02  0.8813E+00  0.5837E+04  0.6708E+01  0.4228E+02  0.1914E-01  0.1175E+02
  0.2400E+02  0.8868E+00  0.5874E+04  0.6245E+01  0.3617E+02  0.1506E-01  0.1225E+02
  0.2500E+02  0.8921E+00  0.5909E+04  0.6164E+01  0.3505E+02  0.1347E-01  0.1275E+02
  0.2600E+02  0.8966E+00  0.5939E+04  0.5745E+01  0.2993E+02  0.1066E-01  0.1325E+02
  0.2700E+02  0.9009E+00  0.5967E+04  0.5657E+01  0.2881E+02  0.9525E-02  0.1375E+02
  0.2800E+02  0.9033E+00  0.5983E+04  0.4359E+01  0.1569E+02  0.4830E-02  0.1425E+02
  0.2900E+02  0.9069E+00  0.6007E+04  0.5196E+01  0.2358E+02  0.6773E-02  0.1475E+02
  0.3000E+02  0.9097E+00  0.6025E+04  0.4690E+01  0.1846E+02  0.4960E-02  0.1525E+02
  0.3100E+02  0.9139E+00  0.6053E+04  0.5657E+01  0.2834E+02  0.7140E-02  0.1575E+02
  0.3200E+02  0.9186E+00  0.6085E+04  0.5916E+01  0.3122E+02  0.7390E-02  0.1625E+02
  0.3300E+02  0.9215E+00  0.6104E+04  0.4796E+01  0.1910E+02  0.4256E-02  0.1675E+02
  0.3400E+02  0.9247E+00  0.6125E+04  0.5000E+01  0.2099E+02  0.4408E-02  0.1725E+02
  0.3500E+02  0.9272E+00  0.6142E+04  0.4583E+01  0.1687E+02  0.3346E-02  0.1775E+02
  0.3600E+02  0.9302E+00  0.6161E+04  0.4899E+01  0.1975E+02  0.3706E-02  0.1825E+02
  0.3700E+02  0.9338E+00  0.6185E+04  0.5292E+01  0.2363E+02  0.4201E-02  0.1875E+02
  0.3800E+02  0.9375E+00  0.6209E+04  0.5385E+01  0.2451E+02  0.4134E-02  0.1925E+02
  0.3900E+02  0.9413E+00  0.6235E+04  0.5477E+01  0.2539E+02  0.4069E-02  0.1975E+02
  0.4000E+02  0.9451E+00  0.6260E+04  0.5477E+01  0.2528E+02  0.3853E-02  0.2025E+02
  0.4100E+02  0.9497E+00  0.6290E+04  0.5916E+01  0.3016E+02  0.4378E-02  0.2075E+02
  0.4200E+02  0.9515E+00  0.6302E+04  0.4123E+01  0.1204E+02  0.1667E-02  0.2125E+02
  0.4300E+02  0.9539E+00  0.6318E+04  0.4583E+01  0.1592E+02  0.2104E-02  0.2175E+02
  0.4400E+02  0.9551E+00  0.6326E+04  0.3606E+01  0.7804E+01  0.9853E-03  0.2225E+02
  0.4500E+02  0.9567E+00  0.6337E+04  0.4000E+01  0.1069E+02  0.1290E-02  0.2275E+02
  0.4600E+02  0.9595E+00  0.6355E+04  0.4899E+01  0.1857E+02  0.2147E-02  0.2325E+02
  0.4700E+02  0.9622E+00  0.6373E+04  0.4796E+01  0.1745E+02  0.1934E-02  0.2375E+02
  0.4800E+02  0.9631E+00  0.6379E+04  0.3464E+01  0.6332E+01  0.6730E-03  0.2425E+02
  0.4900E+02  0.9660E+00  0.6398E+04  0.5000E+01  0.1921E+02  0.1960E-02  0.2475E+02
  0.5000E+02  0.9671E+00  0.6405E+04  0.3606E+01  0.7096E+01  0.6956E-03  0.2525E+02
  0.5100E+02  0.9687E+00  0.6416E+04  0.4123E+01  0.1098E+02  0.1035E-02  0.2575E+02
  0.5200E+02  0.9710E+00  0.6431E+04  0.4583E+01  0.1486E+02  0.1348E-02  0.2625E+02
  0.5300E+02  0.9728E+00  0.6443E+04  0.4243E+01  0.1174E+02  0.1026E-02  0.2675E+02
  0.5400E+02  0.9736E+00  0.6449E+04  0.3464E+01  0.5624E+01  0.4733E-03  0.2725E+02
  0.5500E+02  0.9759E+00  0.6464E+04  0.4690E+01  0.1551E+02  0.1258E-02  0.2775E+02
  0.5600E+02  0.9778E+00  0.6477E+04  0.4359E+01  0.1239E+02  0.9701E-03  0.2825E+02
  0.5700E+02  0.9785E+00  0.6481E+04  0.3317E+01  0.4269E+01  0.3228E-03  0.2875E+02
  0.5800E+02  0.9795E+00  0.6488E+04  0.3742E+01  0.7151E+01  0.5224E-03  0.2925E+02
  0.5900E+02  0.9795E+00  0.6488E+04  0.2646E+01  0.3327E-01  0.2350E-05  0.2975E+02
  0.6000E+02  0.9813E+00  0.6500E+04  0.4359E+01  0.1192E+02  0.8138E-03  0.3025E+02
  0.6100E+02  0.9830E+00  0.6511E+04  0.4243E+01  0.1080E+02  0.7137E-03  0.3075E+02
  0.6200E+02  0.9834E+00  0.6513E+04  0.3162E+01  0.2679E+01  0.1715E-03  0.3125E+02
  0.6300E+02  0.9844E+00  0.6520E+04  0.3742E+01  0.6561E+01  0.4068E-03  0.3175E+02
  0.6400E+02  0.9853E+00  0.6526E+04  0.3742E+01  0.6443E+01  0.3872E-03  0.3225E+02
  0.6500E+02  0.9861E+00  0.6532E+04  0.3606E+01  0.5325E+01  0.3103E-03  0.3275E+02
  0.6600E+02  0.9865E+00  0.6534E+04  0.3162E+01  0.2207E+01  0.1248E-03  0.3325E+02
  0.6700E+02  0.9866E+00  0.6535E+04  0.3000E+01  0.1089E+01  0.5973E-04  0.3375E+02
  0.6800E+02  0.9872E+00  0.6539E+04  0.3464E+01  0.3971E+01  0.2115E-03  0.3425E+02
  0.6900E+02  0.9887E+00  0.6549E+04  0.4243E+01  0.9852E+01  0.5099E-03  0.3475E+02
  0.7000E+02  0.9899E+00  0.6557E+04  0.4000E+01  0.7734E+01  0.3890E-03  0.3525E+02
  0.7100E+02  0.9906E+00  0.6561E+04  0.3606E+01  0.4616E+01  0.2257E-03  0.3575E+02
  0.7200E+02  0.9916E+00  0.6568E+04  0.3873E+01  0.6498E+01  0.3091E-03  0.3625E+02
  0.7300E+02  0.9927E+00  0.6575E+04  0.4000E+01  0.7380E+01  0.3415E-03  0.3675E+02
  0.7400E+02  0.9932E+00  0.6578E+04  0.3464E+01  0.3262E+01  0.1469E-03  0.3725E+02
  0.7500E+02  0.9937E+00  0.6581E+04  0.3464E+01  0.3144E+01  0.1379E-03  0.3775E+02
  0.7600E+02  0.9944E+00  0.6586E+04  0.3742E+01  0.5026E+01  0.2147E-03  0.3825E+02
  0.7700E+02  0.9950E+00  0.6590E+04  0.3606E+01  0.3908E+01  0.1627E-03  0.3875E+02
  0.7800E+02  0.9951E+00  0.6591E+04  0.3162E+01  0.7898E+00  0.3204E-04  0.3925E+02
  0.7900E+02  0.9961E+00  0.6598E+04  0.4000E+01  0.6672E+01  0.2639E-03  0.3975E+02
  0.8000E+02  0.9965E+00  0.6600E+04  0.3464E+01  0.2554E+01  0.9851E-04  0.4025E+02
  0.8100E+02  0.9967E+00  0.6602E+04  0.3317E+01  0.1436E+01  0.5403E-04  0.4075E+02
  0.8200E+02  0.9975E+00  0.6607E+04  0.3873E+01  0.5317E+01  0.1953E-03  0.4125E+02
  0.8300E+02  0.9983E+00  0.6612E+04  0.3873E+01  0.5199E+01  0.1864E-03  0.4175E+02
  0.8400E+02  0.9995E+00  0.6620E+04  0.4243E+01  0.8081E+01  0.2829E-03  0.4225E+02
  0.8500E+02  0.9994E+00  0.6619E+04  0.3000E+01  -.1037E+01  -.3546E-04  0.4275E+02
  0.8600E+02  0.1000E+01  0.6623E+04  0.3742E+01  0.3845E+01  0.1285E-03  0.4325E+02
  0.8700E+02  0.1001E+01  0.6628E+04  0.3873E+01  0.4727E+01  0.1544E-03  0.4375E+02
  0.8800E+02  0.1000E+01  0.6625E+04  0.2646E+01  -.3391E+01  -.1082E-03  0.4425E+02
  0.8900E+02  0.1000E+01  0.6624E+04  0.3162E+01  -.5091E+00  -.1589E-04  0.4475E+02
  0.9000E+02  0.1001E+01  0.6629E+04  0.4000E+01  0.5373E+01  0.1640E-03  0.4525E+02
  0.9100E+02  0.1002E+01  0.6637E+04  0.4243E+01  0.7255E+01  0.2166E-03  0.4575E+02
  0.9200E+02  0.1001E+01  0.6633E+04  0.2646E+01  -.3863E+01  -.1129E-03  0.4625E+02
  0.9300E+02  0.1002E+01  0.6634E+04  0.3464E+01  0.1019E+01  0.2913E-04  0.4675E+02
  0.9400E+02  0.1001E+01  0.6631E+04  0.2828E+01  -.3100E+01  -.8677E-04  0.4725E+02
  0.9500E+02  0.1001E+01  0.6629E+04  0.3000E+01  -.2218E+01  -.6079E-04  0.4775E+02
  0.9600E+02  0.1001E+01  0.6627E+04  0.3162E+01  -.1336E+01  -.3586E-04  0.4825E+02
  0.9700E+02  0.1001E+01  0.6628E+04  0.3464E+01  0.5462E+00  0.1436E-04  0.4875E+02
  0.9800E+02  0.1001E+01  0.6627E+04  0.3317E+01  -.5719E+00  -.1474E-04  0.4925E+02
  0.9900E+02  0.1000E+01  0.6623E+04  0.2828E+01  -.3690E+01  -.9318E-04  0.4975E+02
