 SAX       MECS      
 MECS_50242002.evt
         255
           0
           1
           5
           9
          10
           6
          10
          13
          15
          19
          18
          17
          31
          24
          29
          22
          26
          28
          34
          35
          46
          55
          55
          67
          62
          93
         114
         154
         166
         197
         228
         272
         297
         318
         357
         391
         370
         455
         452
         449
         502
         493
         531
         565
         543
         528
         493
         461
         448
         443
         412
         380
         395
         391
         369
         378
         390
         387
         383
         368
         381
         380
         395
         346
         365
         339
         385
         365
         379
         350
         363
         359
         354
         305
         336
         270
         346
         311
         303
         284
         327
         318
         293
         297
         276
         289
         269
         307
         279
         276
         250
         260
         267
         250
         264
         258
         256
         261
         241
         231
         248
         236
         245
         213
         224
         204
         215
         229
         189
         192
         164
         180
         185
         189
         178
         165
         186
         183
         173
         163
         178
         164
         169
         177
         192
         191
         170
         170
         181
         171
         151
         171
         153
         159
         135
         149
         163
         140
         113
         138
         115
         123
         112
         116
         128
         126
         127
         101
         119
         103
         121
         123
         101
          93
          89
          92
          94
          91
          81
          68
          81
          75
          69
          72
          66
          79
          73
          70
          63
          72
          54
          71
          62
          62
          55
          56
          46
          47
          46
          53
          52
          39
          63
          48
          50
          51
          42
          47
          39
          45
          44
          44
          37
          38
          47
          49
          44
          37
          34
          35
          45
          42
          37
          30
          30
          36
          34
          37
          20
          28
          33
          27
          27
          26
          23
          22
          29
          25
          20
          21
          18
          23
          19
          16
          27
          26
          15
          21
          12
          14
          20
          17
           8
          15
           7
           7
           7
          14
          12
           6
           6
           8
           7
          12
          12
          10
           7
           6
           4
           8
           9
           7
           8
          11
          29
